-0.600300000000000	0.490000000000000	0.739400000000000	1.71190000000000	-0.194100000000000
-1.79001369505314	0.893006003263662	0.380397725127835	2.11291997862022	3.27957240752976
-3.02642327678048	-0.299545422606013	1.34293412091856	2.33159545985514	1.34165859018083
-2.04687192698331	-0.185715338270327	3.66355200433832	1.87493583529633	0.0103285698537157
4.38719487183301	0.00223872800459402	0.536188566979842	1.07633896752582	-6.90087830723192
6.03895355589704	-0.472182734163537	-3.87451719835525	0.693275683673134	-15.9158008358645
3.55066463096274	-2.93674897033126	-7.93417930615813	1.62892012686129	-20.3618923090424
1.51092238115679	-6.70892287608437	-10.9097825183869	0.465462921253886	-22.1870107472398
2.55269445891487	-9.05699865011957	-13.5345264269268	0.152660238513554	-23.6952309655760
-1.53724079773584	-6.05524979775252	-13.8543844389391	1.13954815002862	-23.5507516507143
0.0887700228749331	-9.18998312999841	-16.7569940366961	1.25271892388041	-27.2652420705641
-7.51055519139433	-10.5701422080379	-18.1767662737514	1.34063814093717	-27.1681210524493
-5.62103603594363	-12.4131101862253	-20.6591325641334	1.56667201648392	-29.5599392127819
-3.76224419855233	-10.8867471454162	-22.2668354321483	3.05686887034974	-32.4008126669099
-3.85563234853806	-10.3113220299055	-23.9411263552619	4.85096739031634	-33.3467485965036
-7.33595673183601	-11.6559653774159	-26.5841356658089	6.47405676631930	-30.5838073515565
-11.0726236632542	-12.1561661554432	-24.5054977306714	7.93130634100583	-28.0851857703310
-13.1751009819070	-13.6749982406239	-26.3202910756487	7.20626374960078	-32.3401667823787
-13.2842251875407	-10.3904331939977	-26.8480265338220	9.29069874912677	-30.7512493203750
-10.2025352018936	-8.68388225058817	-28.9958073654298	10.3917637308146	-33.8745890012801
-8.13825079293585	-7.16740508299869	-31.3992326067307	12.1632005908719	-35.6636576474141
-7.17632215178963	-1.54884205791904	-29.1928163076654	16.0583255597617	-27.5697414854839
-7.40375146315972	-2.33933137719901	-27.0861314457445	17.9320500173195	-23.8622046981926
-8.81332993092556	0.0463138907612368	-26.4016566497073	20.1145563477229	-20.2398668580203
-10.0000157361642	1.05474327396172	-25.3891687662645	21.7182786089809	-19.0424268739199
-6.19985494487311	3.94029163296561	-25.9254776313224	22.2227375171990	-18.0567653642939
-6.00544408547470	5.31692694374452	-24.8404378772171	23.7705614661251	-15.6744280583232
-3.56627881914232	3.91208055952061	-28.5269196025965	23.7209413855145	-20.6724226371650
-1.55079947577333	8.05137566288219	-31.4406911680903	25.8346425966463	-23.2704999248133
0.147835968907145	9.74302431985750	-31.9098819173808	27.4426290964663	-22.9853295896204
2.01065483928662	9.37788465394110	-33.9229496205653	27.1676178942366	-29.5847697844705
1.90706912324700	11.4188764938758	-36.0088731782787	28.4923788303936	-29.9022902608049
1.05973353121404	11.7548777626039	-37.2357852870339	30.1403799447005	-27.8673218758047
1.53874513168911	11.8244183626719	-38.1818527035144	30.8548052741377	-30.2975787784649
3.09262347037055	15.2659016187266	-39.8175300765561	31.5878620672502	-30.6388775662688
-0.0374572058750251	14.0702242998296	-42.3127713011389	32.3293444847491	-31.5455218542190
-0.787413579194364	12.7679194966304	-42.1202239658388	35.0886609885461	-29.4457848268208
-1.72724445605704	12.8086594019832	-42.5096259560357	37.6936844860923	-26.9704415091067
-2.19138915823037	15.0617294418458	-44.6174815304661	39.2120649572171	-26.6810383723120
-1.84645578538893	16.7695131346121	-43.5234349505345	41.8986642678781	-24.0542475646930
2.69429225001933	19.1554493874087	-42.2636844540490	43.3986422774777	-21.4079852591516
4.57539991960074	19.9641483992402	-42.9892010757307	43.5439017539382	-21.3615788788285
3.54284319931598	20.2778884803898	-41.8955981747530	44.8613881990821	-19.5368853038646
3.42761474315615	21.7796147697580	-42.3896393084147	44.8594577253546	-20.4690084998333
3.22119503819758	18.0625691948160	-41.5868751854960	44.1358409094709	-21.8150542488554
2.53459418927092	19.7420204377760	-42.4923819258350	44.3142811003616	-23.2250722193991
1.11544446987163	21.2370526409715	-41.8452655624839	44.8900491408318	-21.5460357374299
4.28096942250474	21.6754115409086	-43.2840052863250	45.5741967322043	-21.9324995064374
3.72059206132604	24.2900812300214	-43.1985640123059	46.8169204858562	-19.1835913329105
6.19962555212204	23.6014621625475	-44.0664334726137	47.9685044752694	-19.6156950985139
2.31153026122877	25.2924795968290	-42.8541884810551	49.0604380197731	-18.3636512984057
3.42038657293976	25.1243127441436	-42.7400911046152	50.7793295481536	-13.7999709327501
2.86225986870148	25.0641521645594	-39.6664303956732	52.1727312756002	-11.4412081835272
6.72023644582287	26.2968053935445	-39.3040978763797	53.5517743675435	-11.9659979118061
5.91272720352297	27.9252380093353	-38.1089689695700	54.1409995689063	-11.7476343433973
5.24877135241072	28.2290172201517	-39.4451189192866	54.7760331885501	-13.8368327216407
2.44865409168345	29.3373293425074	-39.5185663095629	57.0357618554829	-9.04226342301797
5.51229640240556	32.0381617176626	-39.5766658356886	57.6858143472347	-10.7686568267784
8.29987621179674	33.2698132748808	-38.2138969147210	58.5078684635648	-7.05568994746612
9.06126516798697	29.2182160746223	-38.9801053466204	57.9162079959701	-8.27292287698429
6.52475640971865	29.7014830707643	-37.7603263385956	57.9583719198574	-7.50549314925377
9.91844132058122	31.8715718447694	-38.5904734483415	58.8258489438836	-9.08906608499892
10.5577717071602	34.5989601540599	-36.6877945241283	59.9395476380715	-7.31164098096071
16.2041726466970	34.0631264826288	-35.6858063219266	59.7554288258553	-6.68899064437592
18.8852017914224	33.8581454702088	-37.1048844074269	58.2056192078945	-12.9753327248164
17.3170873515570	34.1524814393146	-38.3107049139465	58.8498390299752	-14.3611484382407
11.3701449382757	34.4687700394065	-38.2153318375348	59.1644318853013	-15.0306179466114
11.6784469897315	36.1651874250053	-37.7374669017650	59.8745431998728	-14.6208312035083
11.4874977852793	37.8377789043390	-37.3699466157388	61.6127968826333	-12.1319019194793
9.96075675946397	41.1334071473451	-36.9058886927082	62.7044059407232	-10.7185766702753
4.34885018231937	40.2285979972638	-35.3046444902334	62.9117212372844	-10.2404749449576
7.54672396877556	46.0504149016820	-34.3582780745110	65.8175296733593	-8.56856722077874
4.55316584334764	48.6884547563909	-31.7854810826186	66.7920465356685	-4.54121378004961
6.19641514733507	47.6684918042122	-32.4918617306056	67.0361443579804	-7.38576414817864
8.75124483148431	47.1968139455487	-32.4483791171019	67.2676841809162	-8.98135624645849
7.76603127814123	45.2851641745991	-33.6377777105471	66.6183079650911	-12.1907713999376
3.57498226265181	45.7881775951845	-32.7655577919066	67.2764603292595	-8.96620981061124
2.57749984985647	47.8458348763766	-32.7763861781871	67.5561338941368	-8.58196840902703
1.25945909929503	48.7004183459446	-31.4408382616410	68.6791365160761	-4.46019213997647
2.65768924184929	47.5328357312418	-28.4382378870221	71.0473848997653	0.379633517147692
5.24235565752719	49.7229960990642	-26.1717905097394	70.8897276483770	1.88797119879390
8.03474082469802	49.8399908365359	-27.8550480234237	69.8201801066528	-1.49579605559674
-0.445808538004277	49.3317264772648	-24.9998648949824	70.1626889616978	4.31685018802365
1.12683350803675	48.7960827970186	-23.6419478696800	71.8273465013596	7.13369399315308
2.63159323251432	46.4196484616009	-21.4091954371008	71.7253272739828	8.20045601787064
5.63647321261879	44.8641737879303	-20.9898814435890	71.6650854202033	6.52188102773111
4.24056213290001	43.8890943357878	-21.0577065455526	71.5634506077878	7.86311431506550
4.89178572044506	44.8348633984112	-20.9264721466550	72.2396287518181	6.12648382579345
3.75776149916264	49.6254559709746	-19.4975651665331	74.5106567921065	8.63973140411893
2.85784890524016	48.3758691464836	-18.4818564355740	74.3759722187030	10.4734935899447
1.00073005032779	47.7469141047825	-16.8573376297205	73.8995448037273	11.5149177353297
4.99377762791213	45.5330717709211	-16.7762769046131	73.2119694432908	8.27809867999132
8.16978797334724	50.1609717630794	-14.3876402476669	74.5810841890956	10.7278014402722
10.6576426270183	50.4558661333366	-12.0935918022193	74.6258912923207	11.6058981729005
12.8222257764973	47.3037678421410	-13.5475460366020	74.2052104887114	8.12134722291908
14.7061801874724	48.0513398346013	-12.9595183883353	74.9678017342684	9.71488124850301
15.8364558951957	48.4635467159667	-11.3433010378143	76.0966219316043	13.0991956423103
14.6858211045877	49.7251780677419	-11.7654417675166	74.4752073594778	10.4773860302492
15.2457914160163	51.7081712200687	-12.2160467196499	74.8406655867749	14.1670425171134
15.0023727774396	50.1669157482299	-12.0928057075650	74.4766418404497	14.2723432715788
17.3484009640812	48.5664904341925	-12.7220992875806	74.5826641968940	11.9597358391359
16.0369020369478	48.5061249731384	-12.5934366122999	74.5646752758101	14.6695109157290
11.4811877523717	46.0050483062852	-11.9503540835207	73.2368527995071	14.8095408855960
13.3718879784646	46.3985715390515	-10.6864268980354	73.2075090314191	15.2270408525757
14.0206880590723	47.6461547248836	-10.0979759532256	73.2828708018016	14.7864163969058
13.3366020146294	47.8862945249485	-8.84759154165403	72.9505076057102	15.2585066229279
15.3355475439268	47.1130520838413	-10.5104861737247	72.3274573196703	9.64698527538260
17.1533739891587	49.1915241580493	-12.8155648455368	72.4939965917373	7.09482158073628
16.9384641122050	46.9279992956906	-14.8431191922942	71.8331233107263	4.53632628641270
15.0062231944244	45.7787296550860	-15.9837873813886	70.5975245276552	3.14103777977507
15.2184666814521	44.5635969231044	-15.7569995070103	71.5905732962286	0.0879078677711657
13.6309637568357	43.9584588620529	-17.5177692163005	72.7852432724269	-1.90257263727970
7.48083768645148	45.1767967574429	-14.5284178152142	75.0585778676829	8.85412756903697
8.88619437548336	44.1774594922282	-16.2504395137298	73.6443479162616	4.91669396053006
3.49807269677739	46.7018670235451	-12.6561846540917	74.6188844549889	10.8452162882087
6.96310077365120	49.1180617610060	-12.1549886221535	75.1612976434017	12.4311679724069
7.93788597855676	48.7189796398735	-10.2544503192611	75.5732261188900	13.9360212357801
9.94731543480104	50.7618519290779	-9.24378348352531	77.6839654865251	15.2966173296299
6.94421907420436	54.6938738024581	-7.84002456861266	79.5581783667802	21.1508793895472
10.6568164524802	54.0983002056410	-7.30954336809611	78.9679061671764	20.5836624037081
12.9063212361795	54.9490919144909	-7.58756781763576	79.5472034712978	21.1111302177139
15.2314811406343	52.0403476876872	-5.66379467308482	79.9200579221477	21.8241645770395
14.3524481576713	49.1740440291348	-5.55984597261579	78.3103014469365	20.2032958408138
15.9417033895137	51.5801795567029	-4.96896102274947	77.5232207732313	19.9248896816569
19.2080095999832	55.5586377362130	-6.00600941514274	78.5763017806991	19.7310215027676
20.0515310640195	54.0942604787705	-7.97190733752296	76.9176067257076	17.4262802106003
22.5558262945863	53.3202058238350	-10.9187006165432	75.6498864950052	11.5619804862845
20.6784152285152	51.9516156522106	-12.1508010530691	74.5761096816871	9.87274245310544
25.2658849923247	50.0271221373612	-12.3150540905820	75.3486789200966	9.79113553039539
29.5239125827517	48.4851654653874	-14.2537918452379	75.2915557553840	5.70292105081081
23.1576114434473	46.2509515319752	-15.2276131803849	76.1468586003166	9.75765130071446
20.9461375031751	45.5549640413999	-15.1367329855196	73.8605917473194	8.24041423338380
24.4907377133499	47.9275715025360	-14.8265405141210	74.7093055835739	8.10040823924893
23.5662909412077	49.5683256608035	-13.9687378059683	75.7794113573568	11.8081807287382
20.1353448589078	48.2879758178922	-13.6810148101416	75.3182335462649	11.3245203349721
24.6276542107300	45.5947618973020	-13.8595929102248	74.6361312656125	8.37882379515639
24.2127106800021	48.2168173034660	-14.2573460076452	75.1438290589456	8.20937196360062
22.0705509066952	51.4935362718453	-14.4277183233077	76.9881496305581	10.8794614029729
23.1228108125057	48.8234578748632	-15.8159506264299	74.5397612096500	4.47428127935089
25.3918785433300	45.0160657998738	-19.9608469410442	71.9449431569437	-1.84433970631545
22.8052989100424	43.9645466264306	-22.0813549869257	72.1833904808658	-2.81100608457980
20.8334948844208	45.6214842808399	-21.5735664634322	73.9153257195630	0.675167060209496
19.8963661751101	50.0013220526271	-25.3799973099128	74.2391097766095	0.876345596361758
20.9291258017691	50.6004870359021	-24.5498941341375	75.2428971016851	0.649966102497864
21.3468514823960	51.3549741048141	-26.1879282861068	75.1403144353499	-2.96753443541112
19.2632576817550	54.3646991180879	-29.4341756783241	76.3189486221287	-5.31201958505134
15.6119186954713	55.1386588967580	-28.0881848299688	77.5827655262863	0.0172501167450975
13.6681057271208	56.0951162094316	-30.3026314312569	77.6085825394124	-2.14854243417447
14.0791629156550	56.7764892179400	-30.4781915721228	77.8089695383061	-1.45952694045681
14.3295216425908	56.7011277696815	-29.6386334088671	78.0740286566961	-1.51077669711751
11.9603325975743	55.3962204534441	-28.7096114572245	79.4667291251575	2.47827097384517
11.3204193321089	58.8622726857566	-25.8061801400868	81.7637803860699	8.52226283750482
10.8863947373168	54.6838191647195	-26.0439468876865	80.0483810366826	6.78431389883151
8.04336672916545	54.0729010750116	-27.1567688525457	80.2059286457776	5.58280239683756
9.98401125333620	54.7070480948820	-25.3000697038942	80.4395224368850	6.67151810063324
11.6805282421268	56.2251458445711	-24.0950280418371	81.7479388031737	8.28278536711897
12.8018251387223	55.5595394565479	-21.4346275384132	81.9478421791655	9.01153639652774
9.07629074832871	56.7228569340469	-16.6030992742004	83.1645434607469	13.1030807621082
11.4990174929295	57.8002891819108	-14.3168284355183	84.4232476068312	17.9549459907084
13.0515496873138	57.3889579196994	-14.0828386490668	84.3329601692106	20.8310090506609
16.0924662839810	57.1714322681009	-12.6216704327997	82.0304822830970	16.0617700614554
20.8106874213933	58.5218590028524	-10.6031599618845	82.5121451289806	16.1932864012105
18.9751331055760	60.7524779428309	-8.68409296222694	83.4052134643204	21.0614471194033
18.3129696663529	58.8297292207115	-10.7408072550091	82.3930278856073	17.8516666898867
17.1176312510542	59.5875284933361	-12.5132914895486	82.9613674379760	16.6905583326006
16.9574275278332	61.0230498012432	-12.7490602271229	83.4171438770479	19.2394283630067
18.8856842257680	59.2031014326200	-13.5806348797056	82.8335898409605	17.4064155579428
20.4739373219591	58.0067931363783	-14.8359251838833	82.6025023026826	12.6428277090687
22.5555575849258	57.1946966269889	-13.6259927196551	81.9362143573402	13.7415875037793
23.1458816016221	56.0802968120726	-13.7865526258760	82.1065603611975	12.9565543393149
20.3563516380240	56.7067834039875	-14.5479998200700	82.2047282095231	14.8960437231082
21.2556278057649	53.0188315013125	-15.8050353202347	81.0059455723376	11.0591393498530
24.4305686196945	52.2560869855517	-16.2152775462484	79.9258870140208	6.90216811368345
23.0925905410764	51.6388836538552	-16.1969967335783	79.9394159846294	4.14964323943293
17.3353797082549	51.5326965266919	-16.4686523633859	80.9802866071648	6.48810900184505
18.1540825870988	50.7168310339016	-17.2405019754696	82.0351226788685	5.60149612289864
17.6537545847746	51.6974334208391	-17.5047383457277	82.1707925659452	4.36816082997552
17.1853649048083	51.1180749668754	-17.5910963136402	83.4289116763603	3.45981921231026
17.2038127267649	46.2476969686698	-19.2135891366014	84.9015105996255	2.83318507815815
23.1901358488276	46.9528528945555	-18.9704871784814	86.0259143296410	3.17536396269352
22.0456175307101	47.5253084695650	-19.4210243894078	87.4035863048252	4.71779550688259
20.1968767783107	47.3007779648276	-20.3450695203879	88.1085583525752	5.21972473544215
17.2402075025706	50.5024813404830	-18.9887250596833	89.9705997724561	8.69169280660204
20.3385591725585	49.8163404991223	-22.0604661074139	89.1128814635384	1.89618829911557
21.0690729023113	47.6884449830349	-24.1099810268546	88.5204171374765	-3.02709618419093
17.8385863925070	47.4401195112682	-25.1177466677632	89.6668166733525	-1.56221850032852
18.6961307973219	46.8479756353861	-26.5292733243372	90.1355469503888	-3.94855347198139
20.4533581354534	49.0076398517024	-28.8713239929576	91.5869994230405	-6.68156039374697
15.2940520706972	51.1674633051999	-29.5952210038655	93.3518607595719	-4.49785748160561
16.2563488647267	52.8033026761693	-30.7321342004415	94.5869911402843	-4.48518497651602
16.6288437320542	53.0156456525060	-30.2915445191214	97.7986883865500	-0.996780400898054
11.2793562755151	57.0427265199398	-28.8731988674862	99.8479660001185	5.96215444593544
9.97640950016515	57.9083488607556	-26.6285667289824	101.741791430720	7.31046073081079
10.9756582156007	60.3517820746166	-24.9349575563880	103.034935959082	10.4124916720861
5.94656939634554	59.5756160795905	-25.1304335878744	104.154377691965	11.6863091806232
8.09834298265863	58.6147661601658	-22.9785259794064	103.851092824583	13.1442012111897
14.9507722800445	59.0960316968327	-23.8315861853979	103.480844551791	12.4339421398615
12.0887892129429	58.9106531853853	-23.8889090099400	104.279821637371	12.9496577990727
13.8856090608063	58.7365935200583	-24.8689081165206	101.901695389664	9.13367620338694
15.4617452988019	62.0494470017160	-24.6687934785067	102.467729965583	10.0019874435372
19.3749337851074	61.1565794770046	-24.8488822503462	102.911821897385	6.69647580970474
15.8089976565917	64.6379605954466	-24.9060182748246	104.731737696131	6.72586935024171
18.8510638655083	63.5699018467656	-26.4079786194839	104.861541892890	3.19185401031987
25.5130505521048	61.9980407095384	-27.6604115238836	106.056221935830	3.25835163816359
25.9268729782399	62.4621441283348	-28.4542862829182	107.345068335012	5.40168213058154
24.8313260744611	63.1242186247630	-30.5508116584573	107.980335714545	3.54957406810623
21.3256059041721	62.2863761564745	-29.9530615932283	108.681946346948	7.00410004567159
23.1257286272858	62.8564012654219	-30.5737011047212	108.890048750074	4.78507523163233
20.8839478487171	61.0491567896967	-31.3465304705903	107.643152690608	2.15159515448657
20.7302121944033	57.4372195032882	-31.4787218562037	106.822103245422	-0.285153428675579
22.4746316299249	54.2890789342593	-32.3771046353743	106.230714054222	-2.55734203769816
19.1917919284271	53.8762152513876	-32.3812374981318	107.981454773427	0.677732320983833
21.4032898769893	52.7037297809058	-34.9586111561438	108.030309782484	-2.57206741469764
20.6609444076685	52.2017896583691	-34.0624564676345	109.758953568141	1.26311919461631
22.8981979864067	55.7023496571274	-33.3477350513945	110.824535608717	0.790736622838067
27.0029105168732	59.3013064140838	-32.0718846699705	113.001558415258	1.89136008842470
23.3627605458943	58.1829404901781	-33.2043889347224	112.652544062182	-0.348000053137800
21.8762366099279	60.7918403527821	-31.2578818750381	115.623470601009	2.20751572286572
21.7664919435361	59.0142709589680	-32.7916584874320	116.250191019334	1.14231745355930
23.8156592482081	56.9682040256923	-33.6323902730543	117.220649104330	-4.93180322018625
20.7107570459870	60.8155636680469	-32.1751046177420	119.869049674979	2.00398779858423
18.5508605780471	62.1486224823245	-35.2401684520447	121.602167927046	-0.532514388210882
16.6342253346107	65.3899931719681	-33.2079642644851	125.133648299774	3.86914976238564
15.5611096884841	66.6989016375765	-30.6478906733680	127.073912257935	10.1600744148954
20.3138596556262	67.3804977308311	-30.6198345415391	127.613588083731	8.20527600791162
21.7247149681986	67.9754245776097	-30.3448582465061	128.743109924996	9.12281535752124
22.8957924600590	64.2397409574403	-32.7486162095584	127.865312268817	6.97085914054805
23.2514038117489	66.1744978949356	-32.6102824045733	130.082551850356	6.61175512944822
23.7107015022988	66.5166934848598	-32.7374635092626	132.123907014167	5.89246728016868
22.1840223114625	66.6614155812979	-32.4070887874160	133.624800480206	7.12129598235631
22.7237157907178	68.6557293372943	-31.4002057122823	135.167003707828	7.48286114657181
25.5751589946888	66.4760783013463	-33.8174919958812	135.714377329260	2.16100189080099
24.4439378435474	66.5767502664724	-31.8107367356027	139.339724802853	5.63497433844245
26.0129597775026	67.0931140086573	-33.2307188688513	141.140857084170	3.73216078326919
25.8146187732618	65.4488716302176	-35.9193957295135	140.857712263644	-0.375564380001995
26.9473779741356	67.0822916564183	-35.3008153894689	143.152356227001	2.07380374791847
27.7470490388252	68.9455711794424	-34.8406868048289	146.726984350232	6.40591410564192
28.0510886253233	67.5350108018939	-34.5422057912694	148.561597516313	7.67194493415570
27.7996538201052	69.0937775394188	-35.5423538931445	151.088915001052	6.98677349475827
29.2955845447749	68.6299359274868	-37.7674334131903	150.751755044692	4.27133351393916
26.6928169325527	70.8225689866197	-38.1726032514876	153.403399824490	3.00146732895987
28.5299803987445	70.6490108331631	-39.8823052522375	155.548106503819	-1.92101624756862
26.6929748273092	69.2820230332374	-41.2627747104972	158.570665015131	-0.948222365134869
28.2645189993159	71.0634594979301	-39.5018703557914	163.146810512134	3.24132429014365
26.0003004234707	73.9913834239663	-39.8492569032053	166.431720347730	7.27946112634507
23.7416230963903	76.2785266902078	-36.0495756682569	169.904558646557	13.6223222147397
27.8611837464391	79.6861801144259	-32.1193296757814	171.388820279206	15.7736700214203
24.3635537443817	80.8935190845418	-29.1960130868192	173.773130680220	22.3019396974790
31.3776543387249	81.9783399973607	-28.7648482897027	174.643464834472	19.4564807503966
33.5299625870757	84.8000179586133	-28.5165113427323	176.307821227203	18.2961656875436
34.9714880427833	85.1257823276656	-24.7145145502193	178.234762130804	21.9429558951848
36.9841592019588	86.6777921554437	-27.5514496334716	179.629794066751	18.0130412940408
35.9404725053307	90.6523744362138	-24.6023165599513	183.210483522196	24.2496631268938
32.3043458973937	93.4108194040573	-21.5986289738968	185.615540691073	27.6539014695124
29.5921210506490	94.6303947844772	-20.3014924458054	187.400535168112	31.1254951575787
28.6879525460867	94.1457212599825	-17.9694571328593	188.863892740568	34.5074522854778
28.7366349533833	95.5178722460766	-15.8947574536163	190.949403205968	36.2310571571003
31.0568121193664	99.6445928879329	-9.39701027736573	194.471193314781	43.3590985192177
33.3312941684899	103.117735693059	-7.37685148376443	195.439013552059	42.3138244651891
35.1607726412942	106.730236712144	-4.87542546872811	197.846080052259	45.8148284405748
37.9216482426546	108.539260925425	-1.35391741867987	200.169382435082	49.2622184143802
36.3770798540847	105.998367772428	2.74870462414486	200.649773399739	51.5948850195016
39.2758178672725	107.695925184849	5.50814127236385	202.110312756475	54.8690425287014
39.3965783120196	108.948781741887	6.22872147468139	204.360223149730	57.4601813735233
43.3025970178826	111.866487282703	8.13057981924685	206.784577638980	59.9654434292164
45.0272804180475	113.160503240011	5.94963954847025	207.334688456150	60.0142041074769
45.6855454373589	109.752408609184	7.20324863643151	207.638286349565	59.4546365421891
45.6135546156950	112.505445249981	8.66290350364949	209.250025982838	64.1375892617470
42.9229088604725	108.962570569634	7.38672875767746	208.350167763941	63.4816881284664
44.3547020227411	111.850560037636	10.4259406128512	210.321530520056	68.1131767920924
48.8825241338238	109.912004944266	9.34202059318232	210.232797499614	66.9236916026949
47.6833750752095	113.369000604371	11.8733430145737	212.031521008820	72.8270919203354
48.7604542852504	115.479141584900	17.7835918719027	213.639847122631	79.5376912501586
47.4649223902970	114.184155783879	20.9755361791559	214.711252923991	80.7218056732533
47.7231718388290	114.832777672377	23.2297953086790	214.457569328824	83.8175198333813
47.3321995879366	113.981672150949	27.7229349185771	215.362396090542	88.0767734122013
50.0400938590690	114.356290737795	30.4919655601440	215.922480078764	87.0432748644103
52.7600149838922	114.706299076435	31.7491903385043	215.575767137613	87.5324559355893
54.5761684312054	118.132847858191	36.1465086173436	217.622341097974	93.7877894334602
55.1308050745375	118.087858725585	38.4053928057259	216.258042153107	94.6760586402707
61.7085283972910	116.260518002190	38.5169666982163	214.824490370170	94.1227975104748
62.0660159279417	118.228309083721	40.0828118219311	214.515181415737	92.9016751603829
65.0266732306454	115.662289276392	40.9018450107847	212.574345158549	91.5112476133830
64.8669949864012	116.801813852302	40.7663185485687	213.714534967083	90.6637810661363
67.3648339388325	118.050942687432	42.1960087360380	215.009294409364	92.2091478122956
67.9785318217721	115.314535552493	40.6853335926754	213.993312756848	90.7957711495191
66.7119090121976	117.127962469835	40.4634376930037	214.441622070296	90.5577486758636
66.1992237826007	119.042658385590	40.6047210232718	214.656610213895	91.9203639181094
65.1225916872276	115.890050100619	40.2656833176794	215.160057506474	89.1996705763071
63.0508103980349	116.158104006893	44.0681359382152	215.192587431749	92.6890767906677
61.6185530135117	115.018290627406	45.4089568061108	215.504213443679	96.1096739801665
61.3817332694753	115.569418726667	47.5037120236172	215.840037885374	100.067201671835
57.9504597353871	120.209568584927	48.9585523539706	217.342659307191	105.947221566717
57.5223402927604	122.673823187648	55.3047212475285	219.671635737133	115.558733464767
53.9861204796757	124.307724779173	60.9611936517601	218.968276803207	123.452577866864
57.5343847480708	125.934772249035	64.2056725159858	218.140467985007	125.317790919181
58.7890329963466	128.789750052998	68.6702749592538	219.234518420086	133.184344189276
60.1618924389392	127.478013924642	72.8048815455312	216.328564324190	132.538722739703
60.9958487419875	127.799148565611	76.1542630133356	215.830222559642	134.375970451312
65.4658093725138	130.426605276917	79.6835721522604	216.016118212170	137.341154532049
72.2166806016686	132.386548324910	81.4225054783836	214.424907059005	134.986773874804
70.3279774879677	133.388473238684	85.0066408523294	214.100616043441	140.883404194296
69.4205985793473	132.459886831869	85.6197369930755	212.652085253806	141.941049596465
67.5171975378175	132.540897477791	90.6028711723791	209.535286624990	142.343562398838
67.2764700526261	134.734018890097	91.3268045439239	208.695696437047	146.606585249470
68.5251566575686	133.925053979303	95.0909768456191	207.667810862301	150.058654480961
71.8728999953059	134.183283509160	98.0611430975652	206.212801608712	150.656601986640
74.8763444054148	136.740259230359	100.560926500383	205.499019162298	156.815066638723
78.6016539392864	138.105687682073	100.271362348965	201.782957549805	154.459872597939
77.1984908480117	139.184540108802	100.338678108822	199.176053584782	155.389206047193
78.7556347306862	139.545521858397	103.062905668769	196.525332973310	155.772037844902
82.2760085057665	139.174652481575	102.302338810373	192.418020177471	152.917348728698
80.0432825961305	141.287193340834	103.794546266122	190.785700854355	159.348539404144
84.5697613214533	139.602771840742	102.127987199059	188.118768142064	157.384825011972
83.4924785138277	139.730322219377	103.495051340245	185.408420186648	160.459905367247
83.4747945731341	137.639576966528	107.926189477330	182.107583218185	162.779914101052
82.3194996176660	135.114574847864	109.245583352264	177.548485340520	162.228952096230
80.2440227677830	131.515967300496	109.834971715486	172.789859233394	162.502746172892
76.3934598636797	126.390438866801	110.467526086361	167.163593106567	159.894359546287
78.6834846052900	124.724857682194	113.059204973144	163.454143750465	159.746467516081
76.5551185965533	125.332421707616	113.887193401878	160.786993476830	161.122034775090
80.0153067440060	122.341540168944	113.665624185253	156.430589900465	157.453331958913
80.9358834665435	119.550801629111	114.677368235914	153.357530159008	154.880328733377
83.9922968443427	120.423986241390	112.830135228059	149.838370998420	148.867760584195
85.0697392395695	118.506523337812	111.073802244060	146.208589174192	141.732821319319
88.8840427519430	118.301873056591	108.831034611423	142.959040606533	137.074086284816
81.3540745162640	116.797429958474	107.861261607858	140.944528808114	139.112061349746
79.3444547062234	116.679117365838	108.475765805792	137.132395774839	137.273817795549
75.9445088602997	113.095999307840	105.431448894772	133.992147048514	136.183461215288
77.2076890399957	109.976129330029	102.653515025605	130.758904567087	133.228825989272
77.4897456089464	110.128714349844	102.367186114439	126.423695278560	128.891210791656
78.9205136491077	107.684943413599	98.1693696035493	122.442861390970	124.588972144436
78.2559093618767	107.466393060336	97.0640917604034	120.090455178030	122.164944870492
80.1516946443000	105.686453147730	91.9472730104328	115.353738397053	116.043534591152
74.8545023925055	104.413220427829	90.9059957480992	111.944624648547	116.118314238337
75.1904123231676	101.836291497726	86.6645061385698	107.335188165921	111.703732261888
74.5753502270926	100.747758244238	83.8599061871883	103.883278866005	107.892370503245
74.5962110570116	96.8429084088038	80.1404122564661	100.663223627276	103.252320300112
70.0843894775403	92.6950596391788	78.7607437785260	96.9324383541337	104.819584598439
67.5048770965257	89.5540590269223	75.2940434521979	92.8948272338994	100.569438613985
67.1117737153080	89.6229127064270	73.9536147429253	91.3867860985280	99.4187322999352
67.8229154624245	90.4396258004087	72.3857451170812	89.0948373222583	95.3833564166790
63.8993399239629	87.1722661312703	70.8468118823794	84.8932507818303	91.6934068956681
63.2243478247384	83.6849501877481	67.3646903323896	82.0658205212410	85.6902021413830
61.2435453274849	77.5140440671129	63.7735146447315	77.6869701575955	80.1202173103939
59.2362467526611	74.9869198723053	61.1041390344233	74.5300063904788	75.1721390377558
58.1635444017942	71.5750876622896	57.1771532738415	71.3298097977003	69.8195752301008
52.2722514787232	66.9649816340442	52.0105547698348	66.0421205060220	63.4026581558968
47.3992177202262	67.4050106175146	50.3581089031968	64.6964551546692	63.2245049645181
45.4402301650150	63.9358491322558	48.5457061748227	62.9553270862700	63.0667829451302
44.6591154912210	64.1857133506457	44.6974277278692	59.8526237378544	56.5716799435974
40.4173031540699	60.9599311714707	42.2298283100404	58.0389655634147	54.6921335471526
38.4878917155211	62.9002972387761	43.8846407252284	59.0411488319998	59.7622889023391
34.0130336331179	62.1549213815092	42.9872843367369	57.0628327651632	57.7323949579432
34.4316133845108	59.5123406154614	40.0425580056450	53.7840787933577	53.4019442651602
33.7603685598075	56.5852327328624	38.3203946449881	51.5454475966527	47.2685347273637
35.3065186568824	56.7569632151826	32.9097805004094	48.5921204798171	38.3738772136991
30.0791088819436	55.9987950253455	29.6429692101999	47.1179016075312	38.4914179811078
28.4465489223374	52.3433903786687	27.2758577763112	44.7321975715939	35.0307914734728
25.4656703644035	51.2582294774344	23.5608510005916	43.0143950310782	32.2663196681436
25.9402837450015	52.2964241195348	21.4122589118823	42.4474465410053	30.1298926356905
24.4492830946476	50.5568794059406	17.7071203791040	40.3603647549317	27.9894002044787
23.9444638485818	45.8845959081614	14.7218020543669	37.7050978470486	22.5647326298878
26.1842747712823	45.6375429811767	11.3646040726202	37.5622135989874	20.0147803688217
21.2120316991145	42.8056130991760	10.3807323014629	35.8119226331955	17.8580492242135
18.3000505008880	41.6253500648700	8.89919585186803	34.6127782604497	19.8005729886082
13.5371834277521	39.2114176093734	8.22060679568524	33.2230935781232	22.1696184523533
12.3974373757431	39.1512846076319	9.13479282813160	32.6743194228508	22.9343995487742
12.8753190859246	40.5455931505461	9.39434964641624	30.9878398623528	23.4263593180729
15.1804179272145	36.3549443976593	7.60881725483404	28.1146323678785	19.6276125582090
12.6566680006959	34.3132625767910	4.43756635207326	25.4679054426357	14.7381191806975
9.91928443198202	32.5147432384808	5.23960539743567	24.0632282429463	14.0685896726951
10.9098417134291	30.3787894349047	4.20237664501586	22.3394281824954	8.73164719307189
9.24847030645594	27.6286326361477	-0.365789287362626	20.5573685060019	4.92720722522012
9.49495181908477	29.6770148398763	0.742971042927308	21.6339211084463	8.57140136882569
9.01102452591963	24.8427541765291	-1.82539944609628	18.7655899213820	6.84897233117535
9.67267242233272	25.2408479540830	-1.43184137669245	18.9588486051621	5.11309299944442
12.3786612349572	22.8874377997822	-3.68981435846355	16.7922629502693	-0.509154148646971
13.2686392221417	23.6970387932117	-5.82774596396713	16.4485587669733	-1.37884562762025
8.01462786186711	20.4432066348743	-7.60338833849179	15.4499375110255	-3.10080452406097
7.40789504985728	19.6378911976746	-9.15319946999877	15.0607344495720	-5.57725448297317
5.47243423541925	19.6092778440240	-10.6118895614957	13.8905599892681	-6.53889588389892
6.01098001427110	20.2788965047516	-10.5641471684914	14.2439153982114	-10.2305993019400
7.20822687528832	17.5570386263683	-14.3517468092480	12.7402500925015	-17.0210322318788
5.27104759124169	20.0546044061076	-17.2640550076094	14.5780843054798	-18.5205865831988
1.88278517368218	18.7063232040730	-20.6317994761675	14.0217647555397	-20.9001205824621
2.03939114866038	18.7367000600525	-20.1231936242486	14.9283287485214	-19.7139381965944
0.698522036795620	14.9353109336179	-22.7033861521926	14.5036851147907	-21.3626199602550
0.834885996342247	16.4169401750887	-24.2432474685053	15.3113875383359	-20.2975687772017
-1.08573303354014	17.1210767528649	-23.9117611679508	16.2714406342889	-19.8113355874133
-3.85278331609105	17.2401554809175	-23.6602799297512	17.0293107192488	-15.5702728847643
-1.66819849949270	19.6272042706630	-22.8045698902172	18.8711219788286	-12.7570200734840
-0.180894826543619	18.9437869794502	-24.8369963978602	17.2940006824103	-17.3088592417516
-1.57301781542050	18.8876186340143	-25.6735411491077	17.6490870138591	-16.7257558640570
-1.65066234045580	20.9415269198297	-27.6635169621405	18.4597749659912	-18.3343467606536
-0.272058611257558	17.8970230780433	-30.0197759087435	17.9863675735555	-23.9494692136823
-0.817886436408417	12.9045153373154	-34.4149918959866	16.1295057595620	-29.2327299636736
-3.88414534639471	13.8414933260627	-36.1657607682433	18.4132108945241	-27.0189464324259
-5.11333966093903	14.3629267315549	-34.1174253916943	20.6170069442851	-22.9529711928436
-5.76095254981709	17.5180964068767	-34.4443106093918	23.1380240126855	-19.5771337830988
-7.78266247848269	15.1947446083980	-32.6833677925021	22.6461055636054	-23.1927123738769
-9.18205260842671	12.5963789927792	-34.8416564925282	23.1758004250089	-26.8535388230352
-10.0517940388660	16.4959111946385	-32.6082006238687	26.2192638581485	-20.8412762173598
-11.9714795613804	16.4019197029952	-31.9018802068159	28.1825217783541	-18.9424854396655
-5.14554362858016	16.9382912237525	-31.7623573086633	28.9667536327583	-20.6323278319182
-2.57270733568086	20.5279685317139	-31.1895102607611	30.4506330502747	-19.2735247385097
-5.09955071459721	20.1714509459439	-31.3188624197636	31.9805391213168	-18.0480579818900
-6.39207021112534	22.3509155905777	-31.8647377484442	34.6052995682872	-16.3735970558217
-5.77650197280539	19.0704388115192	-31.4254170473541	32.1054581644676	-19.2748209574403
-4.69073550995698	17.7649006441293	-32.4180617198164	31.1261901256590	-25.4153467206365
-3.07550004797402	16.6852017759585	-33.8086775258957	31.7227374717913	-25.2810921108059
-3.79971084051432	16.8652363682202	-31.7952273422066	33.5177493442406	-20.9270271758464
-4.30560901553711	16.5527886335871	-31.2590565637255	34.4854325798398	-20.7438426872072
-4.13047926926260	16.7725750997065	-31.0968371222262	34.3725793848740	-21.0409478836441
-5.97873657090537	17.4465822950632	-28.9354102665783	35.6877037950367	-19.9993159640931
-3.36940448984909	16.6876965707318	-31.1904673227243	36.4330569035830	-24.3888553132593
-0.401267976014811	19.0519518118843	-32.1949499176955	39.6255804271617	-22.9984645587610
-0.421420466243559	22.6309622861575	-29.9398905765362	42.2224215270299	-18.9410478888884
-0.681652762863642	23.4126947959246	-31.8294858861365	43.7335322556622	-19.9412320925509
0.290906192465388	25.5151806813632	-30.1204330589255	45.3760760106950	-15.8391617847011
-1.59235373060816	27.2661242023014	-27.2250420253320	47.2981790970535	-8.76953481092746
1.10717685952738	28.2972984085060	-24.7612013183022	48.3182043750413	-5.37049482259307
-0.648311163473674	30.0722288747858	-21.1783982133918	49.6199086876419	-1.21977619354371
1.61675786700260	28.3153986304545	-22.8080720516405	48.7625527164558	-5.85142188981964
1.97051826774699	30.2709574076399	-21.4301023431269	50.6922000907657	-0.903003238880947
2.61735525295398	28.6455394490734	-20.2828562602136	51.2691403082587	1.25406523899658
2.84016994871843	26.7135233488971	-19.2722518184091	51.0412113632657	3.41860531298712
4.36163851488650	28.6236827396366	-17.1225251060122	51.9882455980393	5.15928597389770
5.36599717381969	28.3649008903629	-17.4818536761924	51.8484863177039	6.06205717816405
6.74774070938755	27.1503663101815	-17.9443301793047	50.3358055958501	1.55428342477442
5.00261858495463	27.0266646328733	-16.7582848993951	50.4144397236735	4.31879630372385
5.22415021977466	25.4019187898124	-14.7250493608276	50.7236300468565	6.19583021068868
10.8094161319994	24.8041315452894	-13.8618150715653	51.4354403084521	4.42036224317761
10.2679642514831	26.4718575702891	-14.7575424684444	51.9311746892183	1.85315145379708
8.57860109151648	26.9857077171465	-13.1877636876732	52.6679846646415	4.61320003082238
4.67097700585676	28.8632968619778	-12.1005133770412	53.6444642964384	7.14361592038096
6.48944634644014	32.1764451878334	-8.72666549382509	54.3105030132161	12.0253590596108
10.7721415254211	36.4272285675452	-6.66137368554369	55.8028136578282	14.4771868456327
4.32762993759009	33.0993498713481	-4.53012391381835	55.3678360070465	18.1937987934554
6.56572534579187	33.2848153809878	-3.87257924758983	55.1695625063874	14.9531347944333
7.76196748883324	32.4177202087704	-2.84891760676625	53.9946920367844	13.9369228203599
8.70858424430400	34.1172806754133	-3.51742567584686	53.3160739350816	13.0699308104038
8.43485145560715	36.1674695118564	-2.55427325665828	54.1965233178183	15.7578854640476
8.06858942981759	38.2082720738874	-1.36057540172310	54.9286720142215	18.0491887838305
5.03312969507663	38.3296414173057	-0.000642609403316397	52.4951734785916	18.2812742787113
4.69084144149955	40.4719911639372	-0.0746080330373542	53.4593783160522	23.0946492868212
3.77909539012792	40.0540228343512	1.63883909695120	51.9002204829240	23.9296015247725
8.65555764128900	42.6223253735495	3.40384809586368	51.5551057053885	25.4676128696677
10.6429231446977	45.1940364031142	5.53413977148795	53.0406824562375	30.2218445441684
14.0288692169883	43.4437295640314	5.64468020633263	51.3630440399847	24.9474045121343
11.6178764379890	44.2494759988897	6.74905867331529	51.0727601882704	24.3860714683156
9.10009750956223	41.5614941306229	6.38287767957187	49.4779202225310	22.3421255605890
7.90168840748042	45.1938571804067	8.01129172869785	51.8455409782311	27.9952516914441
4.78392713838584	46.5286280840255	8.99988996741452	51.2915722338366	29.8775835624953
7.20441571689332	44.4673247979733	9.67481924670671	49.9069480139477	29.4380336183109
9.81028904024401	41.3729880081950	8.57027532548051	48.7214870653027	27.7604965312976
11.4717221000593	40.0717830695659	8.73548111215474	46.6359447480128	25.5741983587453
7.80421751460409	40.4635855843049	10.6284443417384	47.8830553883090	29.9555129301534
11.7831655200735	41.5147526775000	10.5685515680537	46.8437739139198	27.8179525817385
7.25236941605814	37.9478220966791	11.7468300292300	45.8844022033669	29.6850676511758
1.91122431437988	38.5159256675167	11.6165282228214	44.8327221252738	31.7534542660079
2.32428779023559	39.0599758417594	15.0765020311047	44.9432466971483	36.4807695493429
5.78362976666524	37.0217603452968	17.7659975599532	44.4160121581296	41.4315315993120
8.68181755209717	40.2747318559503	20.8486490011673	44.0189844979085	42.6383754827799
10.7770864657491	41.9395414537288	22.9582093691636	44.8977300940798	45.6157791896193
10.4308740031490	37.6227091739666	22.5232202419896	42.1640284508065	42.9183630389399
13.8409435432361	33.0099073223858	22.9787898996155	39.5950961935919	38.8895240522009
16.7942632968243	29.1309950559695	22.2876530572760	37.5190720269306	35.8072275459521
20.8577498280533	27.7865293165294	20.1851495456858	35.5612076457574	31.3559283191816
22.3623425624760	28.0953682649701	20.1732619796955	34.3741068487669	29.7898405940134
25.0212707828787	27.1536097878669	16.4789046690352	32.8755928639456	25.5585787132033
27.2667883241385	30.6086630384594	14.7537061342688	33.0972470560686	23.0186704124960
23.6593710823706	25.5316592292988	12.5573728370702	29.9529433847488	18.4084975813883
19.3707010080165	27.5393318587248	12.0956994303938	29.0749915266484	15.4178673854446
17.4625867079231	26.6558201352224	10.7262513601553	29.1096183733161	15.8954526610177
16.2969381099479	27.4743621309382	12.0234868537127	29.7339307336989	19.7999073503242
15.3673592427128	28.2176762201343	12.4379069234238	29.8392707555418	21.5749960727738
15.6108425721490	28.4266195438924	11.1635484894174	29.7476949395395	23.0369253455282
18.9925869076309	31.2560138879079	11.9546734870526	31.8398176219758	26.9532195285140
16.6261544345115	28.9110859537007	11.6171457260697	29.1899677615442	23.0006113999336
15.7595399869028	29.0117366761701	11.7240971422535	28.3544111167336	23.6958428379577
17.2447270216142	27.4890757440074	12.2144436482959	27.0518711919259	24.8762168514097
21.0679794894407	25.9824195107282	10.1053780235599	25.4476013019913	22.9013676153719
20.8362892925141	24.2948189411905	9.54113421847651	24.0929484128450	22.9530577890806
17.6257777547396	24.0306393812612	12.3822895943480	24.4775152826636	26.6767185384800
23.2132722775032	25.8599457593645	12.3832999529931	23.9761331937836	25.6873491669914
25.0398623022266	28.5771330445846	11.0097768575139	22.5079740421956	21.5055444737487
21.0816163714299	30.0938051040615	7.48290911766597	21.3294588505156	18.2774842436636
20.0897783652610	25.9155030116688	3.17100797315489	16.0493614419526	7.63234524695179
16.6392416894275	24.2780095777058	1.64127032313357	14.1003036511380	4.32080554424804
13.3300011151599	23.0506311914609	-0.158815463405023	13.0292698466996	3.83877494321682
11.5460885352905	23.1876054813088	0.681211712224703	12.9911115553397	7.38944231600024
9.20397957935469	19.6907690859828	-2.85241904379291	10.8548654907054	2.14519797246425
9.78383614161542	17.9650873521840	-4.51310361488946	10.1841931105439	-1.02800439049380
10.3557694389828	18.1832929315228	-4.96745917800675	10.1236354545434	-1.68043818620938
7.05350973949779	18.8166454021034	-4.70015718186273	9.54833609546168	0.975026997476053
4.11526435860991	16.6136609530222	-5.22229988234455	7.92990470845365	0.622625695142264
6.44505621322228	15.1610120621362	-5.28453769735991	7.50910929685068	-1.79711284022626
2.36342002811164	13.7965464844816	-6.75704154598372	7.50095663479174	-2.15534239570111
1.70793395987231	12.3508485688373	-8.98551967689373	7.39282661992698	-5.08366923466267
0.904000000000000	-0.0201000000000000	-0.0931000000000000	-0.0245000000000000	-0.0775000000000000
-0.0342000000000000	0.935600000000000	-0.0525000000000000	-0.0350000000000000	-0.0462000000000000
-0.00950000000000000	-0.00140000000000000	0.922000000000000	0.0249000000000000	-0.0194000000000000
0.0318000000000000	0.0428000000000000	0.0215000000000000	1.04140000000000	0.0386000000000000
0.0485000000000000	0.00540000000000000	0.124200000000000	-0.0451000000000000	1.03710000000000
0.0859000000000000	-1.49160000000000
-0.742300000000000	-1.06160000000000
2.35050000000000	-0.615600000000000
0.748100000000000	-0.192400000000000
0.888600000000000	-0.764800000000000
-0.710231916421431	-0.479505404329457
1.52752035063074	-1.64993254733335
3.67655304815175	3.05521045800840
8.28705449453234	-3.24873885541957
-5.05230850653797	-4.86979027873619
-22.4612100821273	4.38159163057772
-33.2844032669324	17.7925422466956
-43.5198309794421	28.3355428934836
-46.0987374346309	30.3043701091024
-49.6631998732373	33.6786889248136
-57.4818027587445	40.4112907802976
-60.4831852800343	53.0452149149853
-68.1473449099016	54.3731556429461
-73.7729996881392	55.6679104589745
-76.2009652086429	56.0633872358799
-80.5548714612628	62.1850609095111
-70.7180605608763	66.1643344169220
-78.2456179165886	74.0439585004174
-79.2197302006998	67.2295902419596
-84.6366994097536	65.2937771483338
-95.1742443795376	63.6263264622920
-83.0259645026242	48.6926739926304
-71.4957185875009	44.6913686829974
-67.7454117518760	39.8398936530004
-64.0219837347216	38.2363361670596
-66.5987869574450	28.5859511563334
-60.8850715426020	25.8211584422747
-73.6093528819649	27.2332298256606
-83.7570002994371	25.7692877859206
-85.3930930275053	18.4243116104504
-93.0077548114728	24.5289480113850
-100.925649604297	24.9403610985744
-99.5832283647523	23.3308701442482
-102.678342641998	25.2005288762210
-110.129794665044	19.4042004499483
-115.501861384362	27.6307832879028
-109.355758314954	29.6307944640047
-108.304939239712	28.1009861657003
-114.025408215360	28.1814709710094
-106.903262213975	23.2121045457928
-102.824525278108	9.29191492647719
-102.453192407268	5.50660790383624
-99.4725854889528	4.47435101378374
-102.679954798781	3.24904177924284
-99.7678662814369	8.79252890373697
-105.206454415654	9.12648048014442
-102.576009718238	7.78037780844000
-104.494659474662	4.27590492042674
-102.558924419026	-0.956193588586215
-103.771762519847	-2.32932384511675
-102.348746596427	-0.870684592373367
-96.4400855212525	-5.57864971591340
-85.7850325793927	-6.84461054942896
-83.1378841017473	-16.3526364937292
-81.9132205406932	-16.8566046439174
-88.1574722697870	-14.0170164109729
-81.0226126358007	-15.7478753480451
-86.4434686637691	-22.2548460847460
-78.5008613686207	-30.4300030658548
-78.1138673201819	-28.1179181110983
-76.3309141162898	-25.9792084046102
-79.3388332918699	-28.7885196420999
-74.9469432649077	-37.2818564079952
-71.5213847125353	-47.7678884043294
-79.9857809632034	-44.7960754804516
-86.6315381854464	-39.5224133949960
-84.2238847487270	-30.1504924809049
-85.0853257333188	-32.2258764004041
-80.0864725540498	-38.2637632028478
-82.9358484756466	-42.4545251055088
-77.6867727190976	-33.5209729491261
-75.5248482508553	-46.5837714689561
-65.7168085620806	-51.1185930864250
-70.2819748156815	-48.3590891436358
-69.0535251606203	-49.5940860599666
-74.7390698012282	-44.1672095382715
-69.2893411405667	-39.2388473464534
-72.1040049875062	-40.4047146941606
-65.7028419449558	-44.2652293790486
-50.7125597312968	-51.6310198773379
-46.9192395848950	-60.9040825298921
-54.7356342481402	-61.1119020367453
-40.4170520038184	-54.5164705977085
-33.1618039285811	-59.3692750434588
-26.0999727610165	-59.0015879051660
-25.8850692461571	-62.4512512820720
-22.2173017052484	-59.2170834874750
-25.6940180419001	-63.5463424161000
-20.5778915828854	-68.9126072420439
-15.7011823993572	-64.8078056700881
-11.0665800174039	-66.4288434292830
-11.4221044856921	-67.3378410730752
-6.63949257715911	-79.5036303108351
0.0299511937260896	-84.8768831514195
-5.47222742904217	-83.9872894834619
-3.54879053873188	-88.5068737857883
5.88375839472801	-94.5742618957367
-1.55647281060275	-90.0984973921346
0.687314987662468	-96.9619900471662
-0.543316450337174	-94.6341273191672
0.107920950791939	-94.6735698566291
2.08337699087241	-93.2982070373504
3.55096409401941	-85.9145230956538
7.31879473803616	-88.3121011728412
9.08848366620044	-90.6910424184643
11.8462654819800	-91.4513541408374
3.96661971895900	-88.2869903952890
-6.93839927493677	-90.9294738197331
-12.0239072377464	-84.6018648946920
-17.0203870774301	-77.7785562754889
-17.7405280444212	-74.2521869013455
-21.2477189902843	-67.2004858574154
-4.71758359830439	-70.3195771410388
-10.3592291078762	-67.5930589180493
0.0260850212331347	-71.8186009677794
0.407716285915650	-79.7556346724120
6.36085935426205	-81.8239029060094
11.3543045445890	-89.9426739191219
18.9123836381230	-96.1422920079520
18.6745423281607	-99.3255353253724
18.1995435663860	-103.326160984208
26.3019251176326	-107.270739643029
25.3100930223796	-102.299974367003
24.5227063776795	-105.661142890393
20.1380377024217	-115.597853662410
14.1165528456481	-111.792097238367
1.46478240126385	-106.201536194181
-3.10116237151142	-99.2199553565290
0.381409528057524	-106.105611620172
-7.28550283742429	-107.104903232808
-4.80825743495997	-96.6217614732160
-6.06176424902089	-91.9176615908459
-9.33787124565928	-100.011706420372
-3.41307984467315	-103.743323199647
-0.445737023087437	-96.7827740065111
-2.00845990596338	-97.6452164922457
-4.97712291822232	-101.219561142232
-4.81397132924867	-100.183749931686
-13.8836996975916	-94.1154007560239
-29.1633198613555	-84.0256069599351
-33.6043564152054	-80.0712233813720
-29.8644342359469	-82.6305654485906
-40.8329919508746	-82.4375328894918
-38.6124448679144	-85.1679289021622
-47.1021142049603	-82.9531883204762
-58.1136024801978	-78.4699448439535
-47.8354615860667	-79.6602332850803
-54.8948013306848	-75.8373954981782
-56.7744178487919	-77.3263711583867
-56.0756433334576	-77.7144975746220
-46.8197105512805	-77.7821238511103
-38.3476119418400	-86.0672505819858
-37.2175392331685	-79.6968911599988
-39.2213769100819	-73.1984216976244
-35.1902945215769	-77.3211980958237
-30.9171401013853	-84.5970285332246
-23.7770029491012	-87.8774566210384
-8.37108652477643	-91.2379729419388
1.48124915711181	-100.392891838771
6.23253413813203	-104.987326807647
3.78676535906840	-105.981660936447
6.92897682672614	-115.483071816249
15.0326776191841	-119.552689500524
9.39250181649467	-114.383503885235
1.30844050263585	-111.234010697857
3.39153768066265	-114.408002844138
2.19177729803175	-113.301279551520
-6.00545619155514	-110.937330259549
-3.51112818442925	-113.570980460810
-2.54410067561787	-112.412335180075
1.33366712928313	-109.121338033954
-6.88207506725431	-104.477041518411
-11.0431120412663	-101.302602895487
-13.4171632394553	-96.1313689148122
-9.81165952288309	-93.9283503792590
-11.4506637817767	-90.6175644545247
-13.1506724228353	-91.6084719691388
-14.3382130237390	-88.4216380444995
-13.8556640354473	-81.0841078189740
-11.8875740222009	-91.7172498369088
-11.6442451189763	-92.6562054817123
-11.8909920243309	-91.0177744768778
-8.41816052424199	-92.4987465407757
-20.9729518084102	-89.8036100654717
-28.7200999205027	-82.1330710150543
-28.5451750012662	-78.2405733107526
-34.2207010849267	-76.5954512359522
-41.9725020684057	-77.4045832339818
-42.2916591538453	-75.7602931196618
-45.6395526056398	-77.3296395130821
-38.3133962644966	-81.1833060104752
-30.3769037220156	-83.3884847392432
-24.9472924851383	-85.6608351624136
-17.8979268269705	-93.3439449171723
-16.7558919729482	-86.7482922354748
-7.26245493856342	-89.6866565497587
-13.7051769813589	-99.6266232640130
-11.6620583109533	-97.0807372867720
-19.5838350151450	-94.6783020255145
-18.2761719779464	-103.367738054406
-22.0519780619149	-104.322941466566
-22.7654915187861	-101.322804492164
-28.5371194006347	-102.207486456843
-28.3997954719082	-111.655890907256
-28.0277304191860	-112.413453284061
-35.4100840603936	-108.347847954491
-30.2110522113305	-106.666027030501
-35.0638963893264	-108.910036125801
-36.6289356246018	-99.2618616398609
-37.2168538097811	-92.0707142630108
-38.8353874281235	-90.6566032874556
-35.5297575048850	-87.9651829040985
-41.2609485762246	-84.5564276988781
-34.2799580964130	-87.9297069551885
-36.3745981486380	-95.6560707278460
-32.2324213177199	-107.771271385823
-39.1816694940956	-98.6845884760332
-27.8841030466545	-102.971025031349
-32.1682175793478	-98.9683131395237
-38.4092628926342	-95.8361046906218
-31.0908949096147	-101.331396178347
-40.3234859135810	-96.3485155434507
-29.3880964614084	-101.554411366823
-20.3957618308448	-106.415831313059
-18.6029405470159	-113.871995353699
-17.1506436725691	-119.051541514936
-22.8671560812183	-112.570541535600
-22.3580525096925	-114.495833877201
-22.5694131106244	-115.049657900399
-19.6482573615590	-115.719930054591
-15.9147640545496	-120.708175689652
-26.7219549469913	-117.970675431344
-14.0481118742700	-119.214133826118
-19.0132424119280	-120.879096368980
-27.6956650285109	-113.670157773679
-24.2675261012126	-119.739754582543
-18.4697255657496	-127.899866809574
-12.9053371706069	-127.813641068011
-16.0947528022925	-130.979866741961
-23.6368221012700	-126.366823660474
-23.7519813869167	-123.513534449563
-31.6206787139293	-124.206676959993
-32.4329606164040	-118.890889504859
-22.9553089154777	-129.591000853150
-16.6975008871893	-131.486129342204
-4.07514632447288	-139.593172476952
8.95099510455142	-150.835460091269
20.7161256065306	-156.992141397560
19.0079712719345	-165.457254104259
18.5195261581519	-172.487180874208
32.1220652128107	-179.199092411602
20.7857330983021	-179.493061600524
34.1056997071994	-190.333418648575
45.3119062789565	-191.454141035569
51.2930312189923	-192.805981972142
60.9203275217079	-196.177379407928
70.2040157996137	-201.050773915948
87.6375672133442	-219.273396091549
91.3159911949951	-225.069071109698
98.8960483256425	-237.103758144283
109.903046139290	-248.523539443289
124.753175005271	-244.251368487363
134.488880441348	-259.308032706825
140.091148579459	-261.662726972907
145.553331205330	-273.536373153352
141.330352529742	-279.196624928074
143.846774455012	-275.059990689113
152.457628027504	-282.890351277391
150.849316168358	-271.084110132236
160.448843633118	-284.599718078332
159.757315780639	-287.234440123862
167.505900020295	-295.683927970701
190.621857304855	-307.959606259139
198.035148838764	-308.022595769882
206.905521261193	-315.310968969187
222.772628323124	-319.279667660195
226.936255433812	-325.156871140431
232.446919623157	-327.988361229405
245.774154851620	-343.455120195595
251.834698535285	-344.581933915113
250.039064197733	-353.108471011121
251.900260282221	-356.027061896196
253.416249258479	-355.428462095589
253.015350676331	-358.861068708690
258.382265431938	-365.905657319497
256.020875881135	-360.739459966127
253.178285055325	-360.836736140084
254.983723467551	-364.711158332256
254.171152697485	-355.183264709979
264.179236936780	-359.363237201989
270.804051917880	-356.944375095646
279.872322307921	-362.406863577687
285.568072378049	-367.733066221203
309.994810957439	-382.313782785555
328.213846677905	-386.004130865189
334.887331477774	-398.105498738930
349.919664197350	-412.463079095236
360.650598931876	-414.123529734106
368.929432114829	-418.945829645696
378.229776042316	-431.638288712630
377.689573689632	-443.729661219358
391.286376147462	-448.907524377676
391.595200165194	-445.962367732306
401.535561667164	-446.441760484653
404.672673423607	-452.771998439687
416.102048545271	-457.757004704871
423.890318242652	-467.068419812605
433.172674004534	-477.381732677706
426.819460376237	-483.653618431304
423.583666453132	-483.077283575352
428.889825475243	-485.143769905149
422.092677870005	-488.401579585530
428.562207000581	-492.691259331344
423.123704009493	-494.539110413229
424.803320989528	-497.580039491850
437.829106812969	-495.197732366967
439.679830783066	-492.683796044444
439.224502553511	-485.817955421287
437.568117643397	-471.620983100321
443.220661331017	-474.019008574936
442.585368338415	-472.339803985256
438.200466925441	-471.230410390821
438.084697439556	-467.983661652968
424.015507109256	-466.973679938489
413.142005523007	-461.489820655871
400.785964979432	-458.143468879698
399.756105809434	-444.482389690806
398.996665129613	-439.572179382533
388.700107078234	-428.907900304528
380.930337851640	-423.934888765923
372.545209727713	-418.297066792215
358.903734232793	-410.067037771998
351.708888527069	-406.447910769801
330.988821492264	-398.082232761213
328.006598877617	-390.077253106711
311.823857859405	-382.471005998003
298.601764567939	-373.703989706020
287.759758699507	-362.716021410883
284.395596005196	-350.507066384604
272.485779359523	-339.333346568433
267.885285622969	-334.090604687241
257.849417999371	-332.711302185087
249.782038144255	-318.653056543253
237.905156065465	-306.328793019720
225.306011782920	-291.690660534120
213.424876403754	-277.731942448507
198.964527640997	-264.751834156457
180.399756575560	-241.866335262321
174.799358123869	-234.033870508187
171.673960749338	-225.519299031435
153.305046966060	-217.632894082700
149.281957634443	-204.209910266821
153.860256075475	-209.137353586667
149.814107095780	-198.763732331189
138.314786091941	-192.453052226054
130.328136585122	-180.824530549174
107.314692568991	-172.656194533362
97.4337999961920	-161.570907863894
89.6911747472976	-150.649080729590
77.6195142768862	-140.784025885752
70.6871998600769	-137.962596012505
57.9399788721959	-129.907078118363
48.8492985527255	-119.801202981485
39.5824126324147	-119.091497219368
34.0174112736515	-105.019435430851
31.7526365351275	-98.8669781130423
34.1963207274350	-91.8444990839786
35.9492692027861	-89.3171850770684
34.9786595553965	-93.7046761104176
28.3014297269508	-85.7738435854928
16.4486451175065	-76.7964486984543
18.2417173199927	-66.8063411161100
10.0797979690110	-65.2975399820068
-4.13246104789096	-50.8412306562005
3.16527182777583	-56.1775285206730
-4.16442139672830	-48.9802274204854
-3.42556151394724	-49.8370113654945
-14.7321952214417	-44.4164927286554
-20.6954091638862	-46.4439957157375
-26.4964216543185	-30.6157677588660
-32.2708376854430	-25.3596876496133
-36.6894228090688	-20.1844463732103
-38.4319190575826	-20.9474512506393
-51.2028311656916	-10.9068838385732
-62.8237362984009	-8.17149532968199
-73.6427142693082	1.72528457350602
-69.2183095047182	0.554551125077124
-74.5201575588361	11.0839313632323
-78.4663852320416	7.01175229315848
-78.3913955899702	8.70010047316560
-71.2752644844830	7.85775274219793
-68.3663908042669	-0.550152930125588
-76.4779469283590	6.19273436614782
-79.2662788838130	5.07322987303387
-86.5342021279453	5.74626140638853
-95.2488818697901	11.2667582748526
-105.055460945950	26.6712853778167
-106.915373961832	28.9366223868352
-98.0223442172392	25.7851054902915
-97.8088436303956	20.6484227684149
-93.0204014819791	26.7964293912914
-100.932654328223	35.4357657205639
-89.6600877830075	28.4512177912233
-85.1608566580926	27.9775790936575
-85.9703637030455	18.9447079201581
-84.5140123735552	9.89216744160838
-84.0603414802274	11.9523249724882
-82.6472033549511	10.1782276921182
-80.8559599278547	15.5004902898905
-91.9910759798069	21.8811210673948
-93.4414090306700	19.4923345863659
-84.7481081895058	14.5752239351878
-78.8848351859874	18.0815615888710
-78.6763752609005	18.0784665508074
-72.9106322972033	16.2233103093981
-83.4149295891087	18.1140129113247
-82.1219193869811	8.44028584123947
-75.3168594875188	0.820390548537775
-78.8672827312346	2.11746751398903
-70.6633650400353	-7.74002559438058
-59.0763230207019	-11.6125393359449
-50.3536408129403	-22.5893334049151
-36.8525362304863	-27.7807383895955
-44.6759712035005	-24.6900423766553
-36.6348897189437	-33.0227151210204
-33.6503844000926	-33.9886554962350
-26.0728432571273	-34.8473247635098
-21.3259160290979	-41.2794044137605
-19.8782855398201	-41.9491659561238
-24.3366964796981	-40.6327008434382
-20.2958993059777	-40.8563153885320
-12.7078541036592	-43.9226546583873
-10.5272630267065	-49.5350347318877
-15.4948978635208	-45.8057883446260
-10.7966758633055	-46.4159814195269
-5.19713563297691	-48.2285253079032
4.98053571133280	-60.9704244260717
9.23883224757413	-74.7165332197282
20.6573372154747	-64.9106775810143
19.7864967330574	-66.5928929627670
20.5029693006733	-65.6153965290703
16.6259032992356	-67.3937868304236
18.7405314788762	-72.7826328017212
24.3980844241782	-78.8797380619386
24.7971481681543	-73.5212526020782
29.2292287730493	-77.6872404426400
33.2004666442009	-78.7410942142766
35.2485131614497	-89.8246760419951
44.5211121599111	-100.305782987354
40.9568107530040	-99.4691972336623
42.0557594972487	-98.2881741016281
40.3017345874649	-89.5370801499240
46.9934943331088	-98.6160546489770
48.7015788255990	-96.0319868048272
51.6278546463306	-95.7121132465882
49.5095530628886	-93.3951172472003
46.9830208506796	-96.3343550262797
55.5378475394087	-96.4470090397273
52.8687676636362	-98.5279832404845
57.3079888895470	-90.5167993888021
58.0981969229904	-83.6900578863854
71.3621904108588	-92.3245740650346
85.1600367921041	-99.4072954313499
87.4479174472885	-111.365061431152
95.8112151189388	-118.152134816783
93.9203250869311	-111.136417038291
93.2175592677683	-109.403547709533
89.6918372689592	-105.902067232270
80.6747485778238	-103.768899647840
77.4603997113600	-106.490448816376
66.3135425979416	-104.093893932445
58.0925510697624	-107.832666673650
49.5606279150914	-92.3030966241693
41.4704865050857	-83.6368642949870
40.8050167031659	-77.5333137899813
49.9093188515121	-81.6738870368806
48.4121488287359	-84.1183976980462
45.9386827644831	-83.6759515612877
51.7532396069741	-97.4234010861300
46.1016162325852	-86.6656445829173
47.7247603155110	-86.4211700593341
50.0498316410528	-89.9239258572022
44.3038644376446	-87.5639677310941
42.9051930858471	-84.5148227483996
51.1796910077845	-85.7254937471044
49.1396209490003	-94.2542466566575
41.2082836247151	-96.3206480556958
26.0432791061816	-87.1435379355913
8.45971605967644	-70.1792125462276
-0.228964125792319	-59.7139780148929
-5.57751734735110	-52.3966954492565
-0.783382905129691	-51.6540563719387
-11.9709345249135	-36.1627110575286
-17.8581009572491	-35.2475927310297
-20.5660751535849	-33.5185260270304
-18.8399349880415	-30.7897854117822
-20.6060376923714	-22.9205456082686
-21.0947862006825	-21.7704421962025
-23.6402148427752	-14.3314622924416
-28.7903666851731	-7.47172389708960